0 21 25 28 34 41 45 62 67 77 89 115 118 122 126 144 
1 5 6 8 12 17 18 21 39 44 60 66 68 78 84 86 93 97 102 105 115 117 139 146 149 153 157 168 
2 7 8 40 58 69 74 84 107 124 141 163 169 
3 1 2 12 13 17 24 27 32 36 41 47 59 61 74 76 77 82 83 89 100 103 104 109 111 115 121 124 144 152 156 172 174 
4 6 7 23 41 46 48 52 53 72 79 92 111 113 118 137 139 148 169 
5 19 25 34 61 65 67 70 81 98 100 101 145 155 164 167 170 
6 4 9 11 12 13 17 18 20 23 24 26 27 33 37 38 40 41 42 43 51 52 55 56 57 64 65 68 74 75 88 90 92 94 95 96 99 100 109 111 115 117 120 121 126 127 129 131 132 135 138 139 141 142 144 147 150 157 161 164 166 170 172 
7 5 23 38 44 52 62 67 69 77 85 89 92 101 119 129 140 142 146 147 149 154 169 
8 1 12 19 22 29 43 59 61 75 76 80 83 106 112 118 119 136 137 138 139 149 157 158 159 165 168 169 
9 7 10 11 21 26 29 30 36 37 38 44 49 53 54 56 63 66 69 70 74 86 87 91 101 103 118 120 123 124 125 126 128 129 132 133 137 138 145 147 156 171 172 174 
10 10 23 29 45 55 56 62 65 67 69 71 74 93 100 106 114 115 120 124 133 153 157 
11 5 8 22 25 36 38 43 46 50 52 57 59 66 68 69 71 72 76 78 84 85 91 94 99 101 103 104 109 110 120 122 123 127 132 135 139 141 145 148 155 157 158 159 160 167 171 174 
12 4 8 9 10 12 14 20 22 23 26 29 30 31 36 37 41 42 46 53 56 59 61 62 63 77 79 81 82 86 87 93 94 96 101 102 114 115 116 117 124 125 132 133 137 139 144 147 148 151 154 159 160 161 162 164 166 167 168 170 172 173 
13 3 6 17 22 24 47 49 58 62 64 69 71 74 76 77 78 79 81 89 91 96 103 112 126 127 130 133 135 143 152 154 169 
14 11 20 25 34 35 42 55 65 80 108 119 137 143 161 
15 2 6 8 11 16 18 20 21 22 26 27 28 31 39 41 44 46 47 53 55 57 58 63 64 66 69 72 73 74 76 79 82 85 87 88 89 90 94 95 96 97 98 103 105 112 114 115 117 118 121 126 134 136 137 142 144 145 147 148 149 157 158 159 163 169 170 171 172 173 174 
16 29 68 69 73 91 101 113 119 122 150 169 
17 14 18 19 40 42 47 51 56 60 63 65 66 68 69 71 78 80 82 83 87 92 100 105 106 132 135 139 144 145 151 167 
18 6 8 12 14 23 27 28 34 35 37 38 48 52 53 62 63 67 70 71 84 91 92 95 98 99 101 106 107 111 119 122 126 137 145 146 148 150 155 156 157 160 161 168 170 174 
19 14 15 17 23 28 41 43 47 48 52 53 56 59 60 71 81 88 93 97 107 111 112 125 129 137 160 166 171 
20 0 3 6 7 14 15 21 22 23 25 32 35 37 40 41 42 50 57 58 60 64 66 71 72 73 76 80 86 89 96 97 108 109 123 127 138 140 147 148 
21 0 7 22 34 35 38 56 69 71 74 75 79 97 106 119 129 133 139 140 146 149 153 159 167 
22 4 6 7 9 14 15 24 27 34 36 42 48 79 84 88 95 97 102 120 121 131 136 138 141 151 154 170 173 
23 6 8 12 14 17 24 28 29 31 32 34 36 37 38 44 45 51 58 59 66 71 75 97 105 106 107 112 115 116 117 118 127 130 132 134 139 141 146 147 148 149 151 153 154 158 165 168 170 
24 0 1 2 3 6 7 8 10 12 14 16 17 18 20 21 22 23 24 25 26 27 28 30 31 32 33 35 36 37 39 40 41 42 44 45 46 47 48 49 50 52 53 54 55 56 57 60 61 62 64 65 66 67 69 70 71 73 74 75 76 78 80 82 84 86 87 89 90 92 93 94 95 96 97 98 99 100 103 104 105 106 107 109 111 112 113 114 115 117 118 119 120 122 123 128 129 130 131 132 134 135 136 137 138 140 143 145 146 147 148 150 151 152 153 156 158 161 163 165 168 169 171 174 
25 22 28 58 81 103 109 121 128 139 140 146 147 173 
26 19 21 25 42 51 52 56 73 80 82 95 101 106 116 128 145 154 156 
27 26 44 73 133 135 139 151 160 
28 9 16 18 30 33 35 55 72 107 109 141 146 164 
29 0 3 4 5 9 11 13 17 18 23 40 44 48 49 56 57 63 65 66 67 74 80 84 86 93 94 96 97 98 102 109 111 113 128 129 130 134 137 146 148 156 163 
30 2 3 6 8 22 33 39 40 44 47 53 63 77 82 88 97 118 119 124 131 143 146 151 174 
31 5 8 20 26 37 38 50 52 54 56 57 60 64 85 96 108 116 118 119 127 131 143 151 156 164 168 173 174 
32 7 11 14 41 45 50 67 85 89 91 120 140 145 147 155 164 
33 1 4 6 7 14 17 19 20 21 23 24 25 31 32 35 37 41 45 48 49 57 60 65 68 71 74 78 83 84 86 88 95 96 98 102 104 109 115 116 117 119 120 121 123 127 128 131 137 138 143 145 146 147 149 150 151 152 153 154 155 156 158 162 165 168 169 170 172 174 
34 4 10 15 18 23 26 34 35 37 40 45 47 54 55 59 63 64 66 67 69 75 78 80 91 92 93 96 105 106 108 111 115 119 123 127 129 133 154 158 160 161 169 
35 8 15 17 18 21 24 34 38 41 43 57 64 77 78 80 98 102 106 110 118 123 134 138 139 141 143 144 149 162 174 
36 1 4 8 9 11 15 19 33 46 56 62 70 76 77 78 80 87 88 94 96 103 108 117 122 129 134 135 136 137 139 152 158 160 161 163 165 170 173 
37 7 8 23 25 32 97 145 150 159 169 173 
38 12 42 56 64 93 138 
39 3 16 31 35 48 74 101 124 126 127 135 142 169 170 171 
40 21 41 61 76 91 96 105 108 127 140 161 
41 0 1 5 9 11 12 14 15 16 18 20 21 26 29 33 35 39 42 49 58 62 63 65 66 67 69 70 72 74 75 80 81 85 88 89 90 91 93 98 105 107 109 111 113 118 119 120 121 124 126 132 134 135 140 143 153 154 156 158 164 165 166 169 170 174 
42 1 18 50 51 60 61 117 145 149 157 162 168 
43 2 3 9 12 15 21 27 30 50 63 64 69 71 79 86 96 100 103 108 115 117 124 130 131 133 134 146 147 148 151 160 163 164 165 171 174 
44 12 15 20 43 47 50 53 59 75 103 105 108 109 116 125 126 127 133 
45 38 46 52 60 63 69 112 114 119 124 135 144 162 171 
46 19 20 23 29 30 42 50 54 65 68 75 81 82 91 93 94 98 106 108 111 112 115 118 129 133 136 149 159 161 171 
47 5 11 14 26 33 59 71 79 87 103 128 133 141 149 152 155 165 
48 4 29 49 64 69 82 93 96 97 98 100 105 142 145 147 156 
49 2 30 72 73 80 106 152 169 170 
